95 87
95 87 25 47
95 87 25 47 6 48
95 87 25 47 6 48 5 8
95 87 25 47 6 48 5 8 64 67
95 87 25 47 6 48 5 8 64 67 22 47
95 87 25 47 6 48 5 8 64 67 22 47 89 61
95 87 25 47 6 48 5 8 64 67 22 47 89 61 25 89
95 87 25 47 6 48 5 8 64 67 22 47 89 61 25 89 1 91
95 87 25 47 6 48 5 8 64 67 22 47 89 61 25 89 1 91 34 0
95 87 25 47 6 48 5 8 64 67 22 47 89 61 25 89 1 91 34 0 63 30
95 87 25 47 6 48 5 8 64 67 22 47 89 61 25 89 1 91 34 0 63 30 57 49
95 87 25 47 6 48 5 8 64 67 22 47 89 61 25 89 1 91 34 0 63 30 57 49 61 55
95 87 25 47 6 48 5 8 64 67 22 47 89 61 25 89 1 91 34 0 63 30 57 49 61 55 39 93
95 87 25 47 6 48 5 8 64 67 22 47 89 61 25 89 1 91 34 0 63 30 57 49 61 55 39 93 85 61
95 87 25 47 6 48 5 8 64 67 22 47 89 61 25 89 1 91 34 0 63 30 57 49 61 55 39 93 85 61 8 13
95 87 25 47 6 48 5 8 64 67 22 47 89 61 25 89 1 91 34 0 63 30 57 49 61 55 39 93 85 61 8 13 18 65